# YOLOv5 Hyperparameter Evolution Results
# Best generation: 2
# Last generation: 12
#    metrics/precision,       metrics/recall,      metrics/mAP_0.5, metrics/mAP_0.5:0.95,         val/box_loss,         val/obj_loss,         val/cls_loss
#             0.022349,              0.59413,              0.10067,             0.080745,             0.019348,             0.011705,              0.10182

lr0: 0.01
lrf: 0.01052
momentum: 0.93827
weight_decay: 0.00051
warmup_epochs: 3.0109
warmup_momentum: 0.8
warmup_bias_lr: 0.0906
box: 0.05336
cls: 0.54742
cls_pw: 0.91585
obj: 0.99188
obj_pw: 1.0779
iou_t: 0.2
anchor_t: 3.8616
fl_gamma: 0.0
hsv_h: 0.01304
hsv_s: 0.74317
hsv_v: 0.38051
degrees: 0.0
translate: 0.08172
scale: 0.60262
shear: 0.0
perspective: 0.0
flipud: 0.0
fliplr: 0.5
mosaic: 1.0
mixup: 0.0
copy_paste: 0.0
anchors: 3.3161
