lr0: 0.01022
lrf: 0.07388
momentum: 0.98
weight_decay: 0.0004
warmup_epochs: 3.8701
warmup_momentum: 0.76289
warmup_bias_lr: 0.06562
box: 0.04812
cls: 0.35124
cls_pw: 1.592
obj: 0.63575
obj_pw: 1.4435
iou_t: 0.2
anchor_t: 3.1886
fl_gamma: 0.0
hsv_h: 0.0
hsv_s: 0.0
hsv_v: 0.0
degrees: 0.0
translate: 0.0
scale: 0.0
shear: 0.0
perspective: 0.0
flipud: 0.0
fliplr: 0.0
mosaic: 0.0
mixup: 0.0
copy_paste: 0.0
anchors: 2.1849
