lr0: 0.01117
lrf: 0.01045
momentum: 0.95297
weight_decay: 0.00043
warmup_epochs: 2.7987
warmup_momentum: 0.73695
warmup_bias_lr: 0.09455
box: 0.03821
cls: 0.3968
cls_pw: 1.0946
obj: 1.086
obj_pw: 0.96249
iou_t: 0.2
anchor_t: 3.9586
fl_gamma: 0.0
hsv_h: 0.01224
hsv_s: 0.58922
hsv_v: 0.44273
degrees: 0.0
translate: 0.10071
scale: 0.36329
shear: 0.0
perspective: 0.0
flipud: 0.0
fliplr: 0.5
mosaic: 0.98612
mixup: 0.0
copy_paste: 0.0
anchors: 3.3702
