# YOLOv5 Hyperparameter Evolution Results
# Best generation: 40
# Last generation: 99
#    metrics/precision,       metrics/recall,      metrics/mAP_0.5, metrics/mAP_0.5:0.95,         val/box_loss,         val/obj_loss,         val/cls_loss
#              0.52718,              0.15349,               0.1098,              0.07889,             0.022949,             0.018695,             0.086539

lr0: 0.01117
lrf: 0.01045
momentum: 0.95297
weight_decay: 0.00043
warmup_epochs: 2.7987
warmup_momentum: 0.73695
warmup_bias_lr: 0.09455
box: 0.03821
cls: 0.3968
cls_pw: 1.0946
obj: 1.086
obj_pw: 0.96249
iou_t: 0.2
anchor_t: 3.9586
fl_gamma: 0.0
hsv_h: 0.01224
hsv_s: 0.58922
hsv_v: 0.44273
degrees: 0.0
translate: 0.10071
scale: 0.36329
shear: 0.0
perspective: 0.0
flipud: 0.0
fliplr: 0.5
mosaic: 0.98612
mixup: 0.0
copy_paste: 0.0
anchors: 3.3702
