# YOLOv5 Hyperparameter Evolution Results
# Best generation: 1
# Last generation: 10
#    metrics/precision,       metrics/recall,      metrics/mAP_0.5, metrics/mAP_0.5:0.95,         val/box_loss,         val/obj_loss,         val/cls_loss
#              0.55118,              0.77155,              0.85109,              0.72355,             0.016673,             0.018979,             0.061577

lr0: 0.00862
lrf: 0.01
momentum: 0.937
weight_decay: 0.0005
warmup_epochs: 3.1216
warmup_momentum: 0.9375
warmup_bias_lr: 0.1
box: 0.05
cls: 0.62087
cls_pw: 1.0298
obj: 1.0864
obj_pw: 0.96175
iou_t: 0.2
anchor_t: 3.6612
fl_gamma: 0.0
hsv_h: 0.01565
hsv_s: 0.7
hsv_v: 0.4
degrees: 0.0
translate: 0.09142
scale: 0.6899
shear: 0.0
perspective: 0.0
flipud: 0.0
fliplr: 0.5
mosaic: 0.69824
mixup: 0.0
copy_paste: 0.0
anchors: 3.0
